# RATAN Spectra-At-Positions Data File v 1.0.20.520 
# generated at Mon May 17 12:12:27 2021
# DATE-OBS = 2011/10/10
# TIME-OBS = 09:00:44.790
# CDELT1 =        3.1292702
# AZIMUTH =       0.00000000
# SOL_DEC =       -6.5710000
# SOLAR_R =        960.95001
# SOLAR_P =        26.299999
# SOLAR_B =        6.2000000
# RATAN_P =        26.299999
# PAR.OTZENTRA =      0.200000
# PAR.CAL_FREQ =       9.75000
# PAR.CAL_BY = Int
# PAR.METHOD = shablon
# PAR.X_FROM =     -400
# PAR.X_TO =     -120
# PAR.X_FRFR =        0
# PAR.PTS_BY = Int
# PAR.UNITS = Ta
# PAR.XPOI =       61
# PAR.YPOI =      263
# N_POS =           10
# N_FREQS =           76
  0.0000000e+000 -2.3834023e+002 -2.3834023e+002 -2.3834023e+002 -2.2895242e+002 -2.2895242e+002 -2.2895242e+002 -2.1956461e+002 -2.1956461e+002 -2.1956461e+002 -2.1017679e+002 -2.1017679e+002 -2.1017679e+002 -2.0078898e+002 -2.0078898e+002 -2.0078898e+002 -1.9140117e+002 -1.9140117e+002 -1.9140117e+002 -1.8201336e+002 -1.8201336e+002 -1.8201336e+002 -1.7262555e+002 -1.7262555e+002 -1.7262555e+002 -1.6323774e+002 -1.6323774e+002 -1.6323774e+002 -1.5384993e+002 -1.5384993e+002 -1.5384993e+002 -5.1568809e-001
  3.0000000e+000  4.9904214e+001  5.9783043e+001  1.1755880e+002  6.7996952e+001  8.2621417e+001  1.1764526e+002  8.7635386e+001  1.0878670e+002  1.1772499e+002  1.0278412e+002  1.2957552e+002  1.1779605e+002  1.0579496e+002  1.3610549e+002  1.1785737e+002  9.5606184e+001  1.2481679e+002  1.1790901e+002  7.5619543e+001  9.9472843e+001  1.1795388e+002  5.3178470e+001  6.8626334e+001  1.1799612e+002  3.3316809e+001  4.0465934e+001  1.1804479e+002  1.7863652e+001  2.0146548e+001  1.1815257e+002  0.0000000e+000
  3.1800001e+000  5.9070675e+001  7.1886227e+001  1.3027861e+002  8.0152450e+001  9.9035955e+001  1.3036671e+002  1.0223136e+002  1.2907859e+002  1.3044525e+002  1.1937008e+002  1.5262212e+002  1.3051388e+002  1.2222389e+002  1.5840185e+002  1.3057256e+002  1.1010481e+002  1.4338291e+002  1.3062390e+002  8.7092832e+001  1.1272572e+002  1.3066741e+002  6.1073458e+001  7.6677905e+001  1.3071464e+002  3.7526257e+001  4.4447661e+001  1.3076226e+002  1.9245663e+001  2.1163642e+001  1.3083287e+002  0.0000000e+000
  3.3699999e+000  7.9752061e+001  9.4355124e+001  1.4072552e+002  1.0495777e+002  1.2360897e+002  1.4079869e+002  1.2622167e+002  1.4770091e+002  1.4086012e+002  1.3934876e+002  1.6066271e+002  1.4091082e+002  1.3951983e+002  1.5839352e+002  1.4095360e+002  1.2679455e+002  1.4235588e+002  1.4099022e+002  1.0324326e+002  1.1483114e+002  1.4102272e+002  7.5324644e+001  8.2358460e+001  1.4105260e+002  4.7331204e+001  5.1326943e+001  1.4109674e+002  2.4473194e+001  2.6156799e+001  1.4115289e+002  0.0000000e+000
  3.5699999e+000  8.1804241e+001  8.9368541e+001  1.5376450e+002  1.1187673e+002  1.2375019e+002  1.5387065e+002  1.3806019e+002  1.5363285e+002  1.5396473e+002  1.5474451e+002  1.7216920e+002  1.5404205e+002  1.5695455e+002  1.7312163e+002  1.5410771e+002  1.4337525e+002  1.5755476e+002  1.5416475e+002  1.1690354e+002  1.2759937e+002  1.5421479e+002  8.4391740e+001  9.2059955e+001  1.5426245e+002  5.3084526e+001  5.7201996e+001  1.5431623e+002  2.6818520e+001  2.8562710e+001  1.5438636e+002  0.0000000e+000
  3.7500000e+000  8.5024974e+001  9.4489646e+001  1.6529923e+002  1.2060165e+002  1.3671024e+002  1.6540899e+002  1.5369131e+002  1.7478416e+002  1.6550506e+002  1.7599422e+002  1.9972921e+002  1.6558412e+002  1.7993394e+002  2.0304868e+002  1.6564822e+002  1.6554335e+002  1.8542029e+002  1.6570220e+002  1.3539258e+002  1.5141766e+002  1.6574887e+002  9.7258762e+001  1.0891385e+002  1.6579068e+002  5.9721495e+001  6.6981382e+001  1.6583157e+002  3.0266942e+001  3.1937350e+001  1.6589257e+002  0.0000000e+000
  4.0000000e+000  8.4782032e+001  9.0807291e+001  1.7988790e+002  1.2520228e+002  1.3905595e+002  1.8003323e+002  1.6421664e+002  1.8541761e+002  1.8016319e+002  1.9258026e+002  2.1836677e+002  1.8027569e+002  2.0074799e+002  2.2792276e+002  1.8037011e+002  1.8581878e+002  2.1165129e+002  1.8045266e+002  1.5305376e+002  1.7460229e+002  1.8052547e+002  1.1020796e+002  1.2608636e+002  1.8059225e+002  6.8095873e+001  7.7725630e+001  1.8065965e+002  3.3971610e+001  3.7651041e+001  1.8075573e+002  0.0000000e+000
  4.1999998e+000  8.6130660e+001  9.8199848e+001  1.9322974e+002  1.3323776e+002  1.5590963e+002  1.9339416e+002  1.8230857e+002  2.1398982e+002  1.9353759e+002  2.1850816e+002  2.5602440e+002  1.9365857e+002  2.3121584e+002  2.6947397e+002  1.9376125e+002  2.1494191e+002  2.4943258e+002  1.9384925e+002  1.7558079e+002  2.0412893e+002  1.9393183e+002  1.2498320e+002  1.4533073e+002  1.9400785e+002  7.5500857e+001  8.7311202e+001  1.9409266e+002  3.7054497e+001  4.0675202e+001  1.9420798e+002  0.0000000e+000
  4.5000000e+000  8.6306510e+001  1.0431030e+002  2.2175741e+002  1.3954303e+002  1.7456008e+002  2.2195256e+002  1.9885958e+002  2.4916736e+002  2.2212787e+002  2.4494140e+002  3.0491001e+002  2.2227694e+002  2.5988204e+002  3.2089070e+002  2.2241009e+002  2.3823822e+002  2.9371655e+002  2.2252837e+002  1.8812964e+002  2.3197699e+002  2.2265568e+002  1.2587814e+002  1.5593099e+002  2.2281530e+002  6.8659233e+001  8.5564388e+001  2.2300944e+002  2.7162740e+001  3.2672356e+001  2.2323933e+002  0.0000000e+000
  4.9000001e+000  9.0264569e+001  1.0731124e+002  2.5484790e+002  1.5344900e+002  1.9373090e+002  2.5508895e+002  2.2638205e+002  2.9072352e+002  2.5526157e+002  2.8087030e+002  3.6395510e+002  2.5545394e+002  2.9625907e+002  3.8718237e+002  2.5562070e+002  2.6436445e+002  3.4973802e+002  2.5577812e+002  1.9854178e+002  2.6836287e+002  2.5597033e+002  1.2362471e+002  1.7152596e+002  2.5620139e+002  5.9840251e+001  8.6529980e+001  2.5646827e+002  1.8939218e+001  2.7597363e+001  2.5677332e+002  0.0000000e+000
  5.0999999e+000  9.4069840e+001  9.8153309e+001  2.6687741e+002  1.6191792e+002  1.8836139e+002  2.6713454e+002  2.4060084e+002  2.9592755e+002  2.6736511e+002  3.0055205e+002  3.8298766e+002  2.6756898e+002  3.1461803e+002  4.1476686e+002  2.6775445e+002  2.7710553e+002  3.7890667e+002  2.6794061e+002  2.0391318e+002  2.9165615e+002  2.6815927e+002  1.2382024e+002  1.8645786e+002  2.6841352e+002  5.9361992e+001  9.4541297e+001  2.6870359e+002  1.8757577e+001  3.0709851e+001  2.6903060e+002  0.0000000e+000
  5.3000002e+000  8.9244156e+001  9.1347870e+001  2.8263201e+002  1.5952753e+002  1.8498835e+002  2.8289984e+002  2.4438494e+002  3.0010888e+002  2.8309849e+002  3.0948339e+002  3.9736270e+002  2.8331404e+002  3.2580830e+002  4.3549285e+002  2.8350465e+002  2.8615874e+002  4.0022046e+002  2.8375338e+002  2.0856401e+002  3.0802499e+002  2.8392952e+002  1.2412808e+002  1.9507158e+002  2.8419663e+002  5.7431831e+001  9.7000884e+001  2.8450555e+002  1.6517863e+001  2.9541933e+001  2.8485013e+002  0.0000000e+000
  5.5000000e+000  8.7440190e+001  9.1088088e+001  2.9457494e+002  1.5970665e+002  1.8756764e+002  2.9485247e+002  2.5013036e+002  3.1284584e+002  2.9510668e+002  3.2056627e+002  4.2215929e+002  2.9533211e+002  3.3795253e+002  4.6821211e+002  2.9553481e+002  2.9486197e+002  4.3230027e+002  2.9575835e+002  2.1269652e+002  3.3225001e+002  2.9601924e+002  1.2446767e+002  2.0959087e+002  2.9631634e+002  5.6159421e+001  1.0317785e+002  2.9664857e+002  1.7218386e+001  3.2149517e+001  2.9701758e+002  0.0000000e+000
  5.6999998e+000  8.1836160e+001  9.0411954e+001  3.0846110e+002  1.5408031e+002  1.9019963e+002  3.0875634e+002  2.4785599e+002  3.2575182e+002  3.0902762e+002  3.2407789e+002  4.4684373e+002  3.0927215e+002  3.4402535e+002  5.0143085e+002  3.0949065e+002  2.9876058e+002  4.6369904e+002  3.0973826e+002  2.1259166e+002  3.5334386e+002  3.1002064e+002  1.2189775e+002  2.1892946e+002  3.1033849e+002  5.3782854e+001  1.0496779e+002  3.1069422e+002  1.5301419e+001  3.0804362e+001  3.1108022e+002  0.0000000e+000
  6.0000000e+000  7.7319498e+001  9.1825484e+001  3.3028461e+002  1.5128513e+002  1.9742022e+002  3.3059822e+002  2.5441378e+002  3.5311908e+002  3.3088657e+002  3.4033332e+002  4.9431115e+002  3.3114363e+002  3.6389310e+002  5.6080929e+002  3.3138175e+002  3.1410005e+002  5.1742982e+002  3.3165743e+002  2.2188530e+002  3.8893452e+002  3.3197204e+002  1.2326908e+002  2.3463394e+002  3.3232719e+002  5.2344444e+001  1.0752964e+002  3.3271429e+002  1.3405880e+001  2.9655888e+001  3.3312912e+002  0.0000000e+000
  6.1500001e+000  7.5947377e+001  8.9259850e+001  3.4009545e+002  1.4793305e+002  1.9397911e+002  3.4041505e+002  2.5266952e+002  3.4931545e+002  3.4071432e+002  3.4164851e+002  4.9590664e+002  3.4098187e+002  3.6727083e+002  5.6362157e+002  3.4123579e+002  3.1718663e+002  5.2114663e+002  3.4152050e+002  2.2111917e+002  3.9018710e+002  3.4184245e+002  1.2113988e+002  2.3339450e+002  3.4220251e+002  5.0120150e+001  1.0512404e+002  3.4259084e+002  1.2639783e+001  2.8232629e+001  3.4300434e+002  0.0000000e+000
  6.3000002e+000  7.1866358e+001  8.9473335e+001  3.5031039e+002  1.4321060e+002  1.9597270e+002  3.5064064e+002  2.5428247e+002  3.6649531e+002  3.5094715e+002  3.5483487e+002  5.3497875e+002  3.5122407e+002  3.8628218e+002  6.1732147e+002  3.5148685e+002  3.3340084e+002  5.7009892e+002  3.5178701e+002  2.2920358e+002  4.2192754e+002  3.5211666e+002  1.2388124e+002  2.4668207e+002  3.5248288e+002  4.9552924e+001  1.0781404e+002  3.5287679e+002  1.2057598e+001  2.7678355e+001  3.5330089e+002  0.0000000e+000
  6.6500001e+000  7.6089769e+001  1.0348596e+002  3.7208394e+002  1.4778805e+002  2.2465322e+002  3.7241428e+002  2.6695996e+002  4.2047583e+002  3.7272597e+002  3.7394212e+002  6.1162749e+002  3.7300696e+002  4.0508377e+002  6.9607178e+002  3.7329534e+002  3.4325761e+002  6.2614631e+002  3.7361920e+002  2.3000857e+002  4.4781852e+002  3.7398073e+002  1.1987896e+002  2.5073702e+002  3.7436826e+002  4.6474736e+001  1.0433003e+002  3.7478427e+002  1.2062438e+001  2.6156122e+001  3.7522323e+002  0.0000000e+000
  6.8000002e+000  6.9089380e+001  9.7745799e+001  3.8173014e+002  1.3219077e+002  2.0972607e+002  3.8209346e+002  2.4608797e+002  4.0282695e+002  3.8243766e+002  3.5412736e+002  5.9767010e+002  3.8276922e+002  3.8709126e+002  6.8688446e+002  3.8312485e+002  3.2977625e+002  6.1845651e+002  3.8351734e+002  2.1851677e+002  4.3952852e+002  3.8394462e+002  1.1233131e+002  2.4301124e+002  3.8439455e+002  4.2749364e+001  9.7985395e+001  3.8486408e+002  1.0794826e+001  2.3932227e+001  3.8535427e+002  0.0000000e+000
  6.9499998e+000  6.5403857e+001  9.6920118e+001  3.9300624e+002  1.2321160e+002  2.1257445e+002  3.9334814e+002  2.3598211e+002  4.1683538e+002  3.9367401e+002  3.4911921e+002  6.2272844e+002  3.9398424e+002  3.8895535e+002  7.1127173e+002  3.9431408e+002  3.3205976e+002  6.3045483e+002  3.9468230e+002  2.1739727e+002  4.3614946e+002  3.9508293e+002  1.0907579e+002  2.3111110e+002  3.9550430e+002  3.9826665e+001  8.8430188e+001  3.9594387e+002  9.3558273e+000  1.9014866e+001  3.9640056e+002  0.0000000e+000
  7.0999999e+000  6.3503715e+001  9.5978172e+001  4.0285058e+002  1.1725658e+002  2.1209372e+002  4.0321809e+002  2.2969405e+002  4.3182105e+002  4.0356542e+002  3.4854117e+002  6.6273324e+002  4.0391503e+002  3.8999920e+002  7.6398553e+002  4.0429690e+002  3.2989079e+002  6.7154850e+002  4.0471514e+002  2.1165802e+002  4.5425752e+002  4.0516578e+002  1.0344088e+002  2.3318560e+002  4.0563225e+002  3.6374318e+001  8.6003731e+001  4.0610789e+002  8.7584973e+000  1.7537167e+001  4.0658035e+002  0.0000000e+000
  7.3000002e+000  5.9313359e+001  8.8703664e+001  4.1743026e+002  1.0825198e+002  1.9730610e+002  4.1781228e+002  2.1932714e+002  4.1442963e+002  4.1817653e+002  3.3819046e+002  6.4788388e+002  4.1854218e+002  3.8044315e+002  7.5365202e+002  4.1894185e+002  3.1891023e+002  6.6305213e+002  4.1937844e+002  2.0112209e+002  4.4372443e+002  4.1983979e+002  9.4561413e+001  2.2280685e+002  4.2031113e+002  3.1872154e+001  7.8737622e+001  4.2079568e+002  5.6216364e+000  1.4287309e+001  4.2127394e+002  0.0000000e+000
  7.5999999e+000  5.8870944e+001  8.4766476e+001  4.3764081e+002  1.0431214e+002  1.9405138e+002  4.3803498e+002  2.1432366e+002  4.2228189e+002  4.3840997e+002  3.3459336e+002  6.7532308e+002  4.3879470e+002  3.7778642e+002  7.9208299e+002  4.3921497e+002  3.1384192e+002  6.9091997e+002  4.3967041e+002  1.9406322e+002  4.5457502e+002  4.4014361e+002  8.9127204e+001  2.2158731e+002  4.4055221e+002  2.9058342e+001  7.5235107e+001  4.4103974e+002  5.4018125e+000  1.3300537e+001  4.4152949e+002  0.0000000e+000
  7.7500000e+000  5.8759297e+001  8.3659438e+001  4.4648009e+002  1.0434949e+002  1.8850759e+002  4.4687214e+002  2.1481510e+002  4.1505130e+002  4.4725047e+002  3.3448959e+002  6.7134072e+002  4.4764076e+002  3.7476346e+002  7.8886993e+002  4.4806724e+002  3.0582658e+002  6.9109709e+002  4.4852383e+002  1.8603011e+002  4.5301088e+002  4.4899648e+002  8.3413441e+001  2.2052419e+002  4.4940500e+002  2.6600023e+001  7.4366152e+001  4.4988937e+002  4.7019847e+000  1.3054951e+001  4.5037899e+002  0.0000000e+000
  7.9000001e+000  5.4508787e+001  7.7010698e+001  4.5871258e+002  9.8682968e+001  1.7530010e+002  4.5910655e+002  2.1034686e+002  4.0027163e+002  4.5948940e+002  3.3143175e+002  6.6158467e+002  4.5988706e+002  3.6750803e+002  7.8300191e+002  4.6032111e+002  2.9376150e+002  6.8204193e+002  4.6078199e+002  1.7080750e+002  4.4014421e+002  4.6125624e+002  7.2756243e+001  2.0760502e+002  4.6167552e+002  2.1509172e+001  6.6291752e+001  4.6215013e+002  2.4264810e+000  9.3867769e+000  4.6264191e+002  0.0000000e+000
  8.1000004e+000  5.1707048e+001  7.3303953e+001  4.7364985e+002  9.5374275e+001  1.6261965e+002  4.7402034e+002  2.1174848e+002  3.9468341e+002  4.7437915e+002  3.3836015e+002  6.8517246e+002  4.7475349e+002  3.7499781e+002  8.3467515e+002  4.7516321e+002  2.9336534e+002  7.3121559e+002  4.7560475e+002  1.6513144e+002  4.6555203e+002  4.7606065e+002  6.6055387e+001  2.1200246e+002  4.7644146e+002  1.7532167e+001  6.3539679e+001  4.7690287e+002  1.1043499e-001  7.2368847e+000  4.7737135e+002  0.0000000e+000
  8.2500000e+000  5.0270603e+001  7.1876710e+001  4.8227617e+002  8.6855604e+001  1.4828210e+002  4.8272013e+002  2.0193247e+002  3.7131483e+002  4.8314491e+002  3.3931409e+002  6.6895767e+002  4.8356968e+002  3.8260443e+002  8.3179195e+002  4.8403682e+002  2.9823864e+002  7.3478866e+002  4.8453128e+002  1.6418916e+002  4.6490680e+002  4.8503654e+002  6.3653249e+001  2.0732939e+002  4.8547474e+002  1.6116608e+001  6.0024904e+001  4.8597508e+002  7.4508624e-001  6.2048008e+000  4.8649238e+002  0.0000000e+000
  8.3999996e+000  5.1187652e+001  7.2207862e+001  4.8997379e+002  7.9308263e+001  1.4120278e+002  4.9046896e+002  1.8700516e+002  3.6203572e+002  4.9096679e+002  3.2329413e+002  6.6808585e+002  4.9149124e+002  3.7189209e+002  8.4293582e+002  4.9205906e+002  2.9221434e+002  7.4738964e+002  4.9264766e+002  1.6079898e+002  4.6929014e+002  4.9324408e+002  6.2388121e+001  2.0599882e+002  4.9378367e+002  1.7967489e+001  5.8033539e+001  4.9437617e+002  2.6678981e+000  6.6826911e+000  4.9498601e+002  0.0000000e+000
  8.6999998e+000  5.1526531e+001  7.3769864e+001  5.1014548e+002  7.2155097e+001  1.3117537e+002  5.1059160e+002  1.7041460e+002  3.4456893e+002  5.1102350e+002  3.0089156e+002  6.5524006e+002  5.1148357e+002  3.5098652e+002  8.3770823e+002  5.1198681e+002  2.7629523e+002  7.4351160e+002  5.1250933e+002  1.4961589e+002  4.6232025e+002  5.1303389e+002  5.7117991e+001  1.9917930e+002  5.1355969e+002  1.6071058e+001  5.4032819e+001  5.1401541e+002  3.0771854e+000  6.2900270e+000  5.1453557e+002  0.0000000e+000
  8.8999996e+000  5.1474176e+001  7.5144501e+001  5.2295161e+002  6.6252676e+001  1.2285915e+002  5.2344011e+002  1.5887110e+002  3.3213572e+002  5.2391659e+002  2.9123953e+002  6.5483688e+002  5.2441932e+002  3.4313312e+002  8.5155099e+002  5.2488235e+002  2.6785353e+002  7.5453008e+002  5.2543287e+002  1.4286924e+002  4.6142766e+002  5.2598182e+002  5.4079378e+001  1.9135740e+002  5.2653178e+002  1.5535059e+001  4.8452490e+001  5.2708290e+002  3.1294591e+000  4.4733372e+000  5.2763781e+002  0.0000000e+000
  9.0500002e+000  5.1068567e+001  7.4890665e+001  5.3304527e+002  6.0780780e+001  1.1608965e+002  5.3356622e+002  1.4518163e+002  3.1983246e+002  5.3406761e+002  2.7743283e+002  6.4549942e+002  5.3452158e+002  3.3404014e+002  8.4917911e+002  5.3506519e+002  2.5937647e+002  7.4891292e+002  5.3561958e+002  1.3471326e+002  4.4850556e+002  5.3617162e+002  4.8030464e+001  1.7880187e+002  5.3672420e+002  1.3726335e+001  4.2826120e+001  5.3727798e+002  2.1920206e+000  3.6565381e+000  5.3744133e+002  0.0000000e+000
  9.1999998e+000  4.9478595e+001  7.3316154e+001  5.4619853e+002  5.5742648e+001  1.1399595e+002  5.4668387e+002  1.3799259e+002  3.2686332e+002  5.4717644e+002  2.7142632e+002  6.6627660e+002  5.4770164e+002  3.3049247e+002  8.7951341e+002  5.4824507e+002  2.5556731e+002  7.6236644e+002  5.4872493e+002  1.2833800e+002  4.4166737e+002  5.4927031e+002  4.3231635e+001  1.6739117e+002  5.4974080e+002  1.1086093e+001  3.5975747e+001  5.5027861e+002 -6.0456667e-001  4.3458843e-001  5.5069566e+002  0.0000000e+000
  9.3500004e+000  5.1815779e+001  7.5074568e+001  5.5243221e+002  5.5706263e+001  1.0890675e+002  5.5291375e+002  1.2580203e+002  3.0827831e+002  5.5340316e+002  2.5090392e+002  6.3781550e+002  5.5391185e+002  3.0871795e+002  8.3785059e+002  5.5436072e+002  2.3765512e+002  7.1967064e+002  5.5487486e+002  1.1953868e+002  4.0939933e+002  5.5532143e+002  4.2790464e+001  1.5152841e+002  5.5581271e+002  1.4076802e+001  3.4247854e+001  5.5630491e+002  3.2136942e+000  4.4584458e+000  5.5664754e+002  0.0000000e+000
  9.5000000e+000  4.7408600e+001  6.9500808e+001  5.6624150e+002  4.7627049e+001  9.6406105e+001  5.6671692e+002  1.1397873e+002  2.8656059e+002  5.6719717e+002  2.3409299e+002  6.1553527e+002  5.6770289e+002  2.8926464e+002  8.2300492e+002  5.6822608e+002  2.1775105e+002  7.0117018e+002  5.6867195e+002  1.0316622e+002  3.8679166e+002  5.6918453e+002  3.2906198e+001  1.3421913e+002  5.6968925e+002  8.8202172e+000  2.5389119e+001  5.7011153e+002 -3.3781960e-001 -1.3558298e+000  5.7038127e+002  0.0000000e+000
  9.6999998e+000  4.6276956e+001  6.8154645e+001  5.7882305e+002  4.7236741e+001  8.9376737e+001  5.7930246e+002  1.1004034e+002  2.6523882e+002  5.7979134e+002  2.2767174e+002  5.8686919e+002  5.8029908e+002  2.7692918e+002  7.9595578e+002  5.8074262e+002  2.0483037e+002  6.8735482e+002  5.8125946e+002  9.4592781e+001  3.7992244e+002  5.8176852e+002  2.9523655e+001  1.3052724e+002  5.8218927e+002  8.1450166e+000  2.3980364e+001  5.8251367e+002 -1.2655422e+000 -1.7120050e+000  5.8293078e+002  0.0000000e+000
  1.0000000e+001  4.6621676e+001  7.1790831e+001  5.9764465e+002  4.4287135e+001  8.7817074e+001  5.9813352e+002  9.9594221e+001  2.5966902e+002  5.9863560e+002  2.1228536e+002  5.9742108e+002  5.9915759e+002  2.5951349e+002  8.2148029e+002  5.9968757e+002  1.8534973e+002  6.9737858e+002  6.0014221e+002  8.1673882e+001  3.7382357e+002  6.0065415e+002  2.5314074e+001  1.2190453e+002  6.0116422e+002  8.9183160e+000  2.1990287e+001  6.0166997e+002 -4.6764347e-002  1.0530040e+000  6.0217519e+002  0.0000000e+000
  1.0150000e+001  4.4811203e+001  6.9223973e+001  6.0829209e+002  4.1890781e+001  8.1176224e+001  6.0877616e+002  9.0641314e+001  2.4700144e+002  6.0926680e+002  1.9462611e+002  5.8166522e+002  6.0969759e+002  2.3979490e+002  8.0397490e+002  6.1020647e+002  1.6952359e+002  6.7324219e+002  6.1071647e+002  7.2543904e+001  3.4866437e+002  6.1121668e+002  2.1816632e+001  1.0816537e+002  6.1170979e+002  8.3279322e+000  1.8159372e+001  6.1219883e+002 -4.9161352e-001 -1.5035087e+000  6.1269009e+002  0.0000000e+000
  1.0300000e+001  4.8423202e+001  7.3945630e+001  6.1307190e+002  4.3147164e+001  7.9824816e+001  6.1357277e+002  8.3971919e+001  2.3488437e+002  6.1407865e+002  1.8021147e+002  5.6171124e+002  6.1459695e+002  2.2227552e+002  7.8080887e+002  6.1512265e+002  1.5774436e+002  6.5236297e+002  6.1564272e+002  6.8778580e+001  3.3085447e+002  6.1615211e+002  2.4345884e+001  1.0160228e+002  6.1655796e+002  1.2525582e+001  2.0683749e+001  6.1705044e+002  3.4592232e+000  2.8955744e+000  6.1754148e+002  0.0000000e+000
  1.0500000e+001  4.6029794e+001  7.5366714e+001  6.2579731e+002  4.1073210e+001  7.7861704e+001  6.2629261e+002  7.6908516e+001  2.2196267e+002  6.2679079e+002  1.6609532e+002  5.4597196e+002  6.2730222e+002  2.0751078e+002  7.6571939e+002  6.2782180e+002  1.4737404e+002  6.3314308e+002  6.2833403e+002  6.2472943e+001  3.1384073e+002  6.2883869e+002  2.2732277e+001  9.3007325e+001  6.2933353e+002  1.2379548e+001  1.9079546e+001  6.2982179e+002  4.0696866e+000  2.8580021e+000  6.3030922e+002  0.0000000e+000
  1.0600000e+001  4.5779954e+001  7.4299130e+001  6.3260385e+002  4.0858483e+001  7.5282206e+001  6.3311157e+002  7.1952284e+001  2.1422049e+002  6.3362418e+002  1.5660966e+002  5.4268133e+002  6.3414960e+002  1.9853343e+002  7.7375080e+002  6.3442323e+002  1.4119114e+002  6.4151033e+002  6.3492396e+002  5.8296495e+001  3.1422857e+002  6.3542925e+002  2.2143332e+001  9.0402334e+001  6.3592764e+002  1.2404636e+001  1.7742257e+001  6.3641937e+002  3.2000056e+000  2.7694657e+000  6.3691031e+002  0.0000000e+000
  1.0800000e+001  4.7664691e+001  7.7852957e+001  6.4527081e+002  4.1898208e+001  7.5073117e+001  6.4576828e+002  6.5971580e+001  2.0503768e+002  6.4627130e+002  1.4351417e+002  5.3682220e+002  6.4678259e+002  1.8536780e+002  7.8174636e+002  6.4730245e+002  1.3069062e+002  6.4633727e+002  6.4781492e+002  5.4474771e+001  3.0911350e+002  6.4831989e+002  2.1850269e+001  8.5577154e+001  6.4872581e+002  1.3829770e+001  1.7431729e+001  6.4919579e+002  3.8013211e+000  3.1011420e+000  6.4967611e+002  0.0000000e+000
  1.0900000e+001  4.4007045e+001  7.4432934e+001  6.5129077e+002  3.8646793e+001  7.0102387e+001  6.5178759e+002  5.8665716e+001  1.8700791e+002  6.5228589e+002  1.2410079e+002  4.9880837e+002  6.5279106e+002  1.5882995e+002  7.3026266e+002  6.5320998e+002  1.1378730e+002  6.0189745e+002  6.5370308e+002  4.8388795e+001  2.8469206e+002  6.5419096e+002  1.9988332e+001  7.7703475e+001  6.5466912e+002  1.3372022e+001  1.6947102e+001  6.5514026e+002  4.4234158e+000  4.3962400e+000  6.5560774e+002  0.0000000e+000
  1.1300000e+001  4.4501150e+001  7.5471108e+001  6.7683058e+002  3.9577762e+001  6.8953202e+001  6.7734320e+002  5.4336810e+001  1.8080441e+002  6.7785666e+002  1.1325400e+002  4.9457451e+002  6.7837665e+002  1.4410281e+002  7.2007914e+002  6.7889600e+002  1.0216979e+002  5.8330826e+002  6.7940712e+002  4.3582036e+001  2.6644998e+002  6.7990720e+002  1.9070622e+001  6.8940861e+001  6.8039676e+002  1.2548071e+001  1.5883211e+001  6.8087922e+002  3.7982709e+000  2.7000065e+000  6.8124241e+002  0.0000000e+000
  1.1400000e+001  4.0834406e+001  7.3347682e+001  6.8366632e+002  3.6971200e+001  6.6243675e+001  6.8418716e+002  5.1693112e+001  1.7446062e+002  6.8460689e+002  9.9831283e+001  4.8300569e+002  6.8512459e+002  1.2573134e+002  7.0120910e+002  6.8564411e+002  8.7098120e+001  5.5227595e+002  6.8615504e+002  3.6656005e+001  2.3818112e+002  6.8665208e+002  1.7961519e+001  5.8777949e+001  6.8713524e+002  1.2414218e+001  1.3167219e+001  6.8761083e+002  2.7535175e+000  2.5010407e+000  6.8808219e+002  0.0000000e+000
  1.1600000e+001  3.8554539e+001  6.5995974e+001  6.9542964e+002  3.4898736e+001  5.9623729e+001  6.9595557e+002  4.8680380e+001  1.6384860e+002  6.9647628e+002  9.0850911e+001  4.6090348e+002  6.9700039e+002  1.1275630e+002  6.5952284e+002  6.9752632e+002  7.6227821e+001  5.0206252e+002  6.9794340e+002  3.2895886e+001  2.0561753e+002  6.9842935e+002  1.8395855e+001  4.6698233e+001  6.9891224e+002  1.2892422e+001  1.0786586e+001  6.9939086e+002  3.8998130e+000  1.7177869e+000  6.9986545e+002  0.0000000e+000
  1.1700000e+001  3.8632941e+001  6.3609517e+001  7.0138116e+002  3.5462469e+001  5.7454434e+001  7.0193827e+002  4.6904614e+001  1.5317732e+002  7.0248957e+002  8.2411416e+001  4.3972474e+002  7.0304624e+002  9.8404710e+001  6.3434945e+002  7.0360399e+002  6.7118180e+001  4.7527055e+002  7.0405747e+002  3.1520813e+001  1.8841944e+002  7.0457138e+002  1.9662337e+001  4.3125077e+001  7.0508353e+002  1.4811215e+001  1.2502610e+001  7.0558785e+002  5.0113793e+000  2.8343465e+000  7.0608753e+002  0.0000000e+000
  1.1900000e+001  3.7942579e+001  5.8585943e+001  7.1502239e+002  3.4934726e+001  5.3368908e+001  7.1553858e+002  4.8241359e+001  1.4362348e+002  7.1605227e+002  8.1308190e+001  4.3210413e+002  7.1646426e+002  8.7377382e+001  6.1999597e+002  7.1697703e+002  5.7289168e+001  4.5666390e+002  7.1747555e+002  2.7280686e+001  1.7416699e+002  7.1795983e+002  2.1830679e+001  3.8764513e+001  7.1843403e+002  1.2037940e+001  7.3428544e+000  7.1890098e+002  1.0669325e+000 -2.9938399e+000  7.1924068e+002  0.0000000e+000
  1.2200000e+001  3.5735889e+001  5.6104079e+001  7.3129405e+002  3.0833330e+001  5.1270430e+001  7.3184729e+002  4.3312771e+001  1.3562425e+002  7.3229420e+002  7.2861931e+001  4.1437688e+002  7.3284433e+002  8.3822904e+001  6.0806191e+002  7.3339384e+002  5.3522577e+001  4.4811439e+002  7.3393456e+002  2.4700833e+001  1.6744469e+002  7.3445415e+002  1.7220542e+001  3.4830352e+001  7.3496273e+002  1.3433909e+001  8.5645267e+000  7.3546030e+002  4.5708740e+000 -9.3002447e-001  7.3595416e+002  0.0000000e+000
  1.2500000e+001  3.2897587e+001  4.9688345e+001  7.5034482e+002  2.6833804e+001  4.4220227e+001  7.5078880e+002  3.5056234e+001  1.0611955e+002  7.5122954e+002  5.6913964e+001  3.4654506e+002  7.5167912e+002  6.2628514e+001  5.3124372e+002  7.5212721e+002  4.0646419e+001  3.8567217e+002  7.5244682e+002  1.8577895e+001  1.3821841e+002  7.5284792e+002  1.3507731e+001  2.7404310e+001  7.5325598e+002  1.3532414e+001  7.5373057e+000  7.5365544e+002  2.2706042e+000 -1.5961048e+000  7.5402711e+002  0.0000000e+000
  1.2700000e+001  3.4919542e+001  5.0344505e+001  7.5440756e+002  3.1515199e+001  4.5750699e+001  7.5488085e+002  3.8078445e+001  9.9728002e+001  7.5535283e+002  5.5568526e+001  3.2109000e+002  7.5582450e+002  5.8376578e+001  4.9019158e+002  7.5630323e+002  3.9076280e+001  3.5384718e+002  7.5676812e+002  2.2022074e+001  1.2738803e+002  7.5708069e+002  1.8922452e+001  2.9195049e+001  7.5750822e+002  1.6997843e+001  1.1249105e+001  7.5792645e+002  7.7974409e+000  3.2975070e+000  7.5834669e+002  0.0000000e+000
  1.2900000e+001  3.0524844e+001  4.2464039e+001  7.6815453e+002  2.7540507e+001  3.9110358e+001  7.6864438e+002  3.3013319e+001  8.7973954e+001  7.6912995e+002  4.7390013e+001  2.9639792e+002  7.6950111e+002  5.0220165e+001  4.5566542e+002  7.6997690e+002  3.1215450e+001  3.2208624e+002  7.7045063e+002  1.7934611e+001  1.1175049e+002  7.7090051e+002  1.4254157e+001  2.2234398e+001  7.7134020e+002  1.2876192e+001  5.7443258e+000  7.7177062e+002  3.2350695e+000 -1.4098747e+000  7.7219568e+002  0.0000000e+000
  1.3050000e+001  3.5251687e+001  4.6324309e+001  7.7044350e+002  3.0511415e+001  4.1984239e+001  7.7092861e+002  3.6310100e+001  8.7376991e+001  7.7140691e+002  5.5094283e+001  2.8282724e+002  7.7189082e+002  6.2720467e+001  4.2410582e+002  7.7237598e+002  4.3334670e+001  2.9495375e+002  7.7271670e+002  2.5401825e+001  1.0149032e+002  7.7316901e+002  1.9123630e+001  2.4249172e+001  7.7360427e+002  1.7558735e+001  1.1534982e+001  7.7403353e+002  8.2816392e+000  3.2468964e+000  7.7445360e+002  0.0000000e+000
  1.3350000e+001  3.3300627e+001  4.1480838e+001  7.8203506e+002  2.8411702e+001  3.8369556e+001  7.8254977e+002  3.5132553e+001  7.6191167e+001  7.8306238e+002  4.5564249e+001  2.5456101e+002  7.8345439e+002  4.6625544e+001  3.8445900e+002  7.8396462e+002  3.1749500e+001  2.6246587e+002  7.8446002e+002  2.0354853e+001  8.8347901e+001  7.8493722e+002  1.7722659e+001  2.0627429e+001  7.8525905e+002  1.6956985e+001  9.6566834e+000  7.8570416e+002  7.1657905e+000  1.3868617e+000  7.8614747e+002  0.0000000e+000
  1.3500000e+001  3.2967269e+001  3.8209952e+001  7.8748543e+002  2.9324177e+001  3.5736297e+001  7.8798633e+002  3.4288547e+001  6.8138124e+001  7.8848890e+002  4.5960346e+001  2.3579315e+002  7.8899737e+002  4.5696287e+001  3.5688139e+002  7.8950366e+002  3.0345732e+001  2.3874937e+002  7.8986439e+002  1.9671755e+001  7.8107237e+001  7.9032995e+002  1.9081748e+001  1.9998254e+001  7.9078542e+002  1.6581410e+001  1.0125467e+001  7.9123081e+002  8.4615338e+000  2.1233228e+000  7.9152354e+002  0.0000000e+000
  1.3700000e+001  3.2226272e+001  3.6174829e+001  7.9541227e+002  2.8176267e+001  3.3631914e+001  7.9591211e+002  3.2383000e+001  6.4808972e+001  7.9640826e+002  4.5611270e+001  2.2953111e+002  7.9690774e+002  4.5272749e+001  3.5183120e+002  7.9740898e+002  2.8812395e+001  2.3367743e+002  7.9776129e+002  1.8036297e+001  7.3991248e+001  7.9822546e+002  1.6695308e+001  1.7028132e+001  7.9867608e+002  1.5829139e+001  9.2997603e+000  7.9911301e+002  6.0529320e+000  1.3598791e+000  7.9954516e+002  0.0000000e+000
  1.4000000e+001  3.4010016e+001  3.5348414e+001  8.0353590e+002  2.9554576e+001  3.2502631e+001  8.0404882e+002  3.4898744e+001  5.7905647e+001  8.0455482e+002  4.7609048e+001  2.0499564e+002  8.0506728e+002  4.6229327e+001  3.1876488e+002  8.0544108e+002  2.9887082e+001  2.0709220e+002  8.0593323e+002  2.0621021e+001  6.5228940e+001  8.0640020e+002  1.8531731e+001  1.6702543e+001  8.0670503e+002  1.7658046e+001  9.1810187e+000  8.0714571e+002  8.5492181e+000  3.0727585e+000  8.0758506e+002  0.0000000e+000
  1.4150000e+001  3.2468316e+001  3.2043845e+001  8.0977735e+002  2.9306019e+001  2.9785580e+001  8.1014785e+002  3.4673957e+001  5.1429338e+001  8.1063396e+002  4.3257657e+001  1.8997376e+002  8.1112148e+002  4.2349739e+001  2.9541437e+002  8.1160873e+002  2.6484800e+001  1.8464601e+002  8.1208656e+002  1.7415207e+001  5.3896159e+001  8.1253650e+002  1.8626604e+001  1.4518555e+001  8.1297334e+002  1.7516253e+001  8.9331236e+000  8.1324853e+002  7.8201405e+000  1.3971296e+000  8.1367808e+002  0.0000000e+000
  1.4300000e+001  2.9973408e+001  2.8775548e+001  8.1767765e+002  2.6236974e+001  2.8578511e+001  8.1813492e+002  2.9934991e+001  4.3778212e+001  8.1858297e+002  4.0606346e+001  1.7248803e+002  8.1903229e+002  3.8820327e+001  2.7846247e+002  8.1948114e+002  2.4324393e+001  1.6977610e+002  8.1991627e+002  1.5399832e+001  4.7056119e+001  8.2019452e+002  1.7049945e+001  1.1460830e+001  8.2057395e+002  1.5692303e+001  6.5924122e+000  8.2096232e+002  5.5308318e+000 -1.2193964e+000  8.2134672e+002  0.0000000e+000
  1.4500000e+001  3.1666972e+001  2.9339677e+001  8.2236089e+002  2.7262000e+001  2.9248115e+001  8.2283597e+002  3.2952314e+001  4.1806825e+001  8.2316505e+002  4.2647679e+001  1.5937180e+002  8.2362650e+002  4.0420917e+001  2.5981931e+002  8.2409149e+002  2.5332836e+001  1.5756836e+002  8.2453945e+002  1.8164661e+001  4.1986371e+001  8.2497067e+002  1.7558440e+001  1.1617289e+001  8.2538544e+002  1.6649033e+001  7.4584501e+000  8.2579179e+002  5.9333384e+000  3.0412986e-001  8.2619451e+002  0.0000000e+000
  1.4600000e+001  3.4874877e+001  3.1603815e+001  8.2289427e+002  2.8282826e+001  2.9224362e+001  8.2334457e+002  3.2718527e+001  4.1268343e+001  8.2378673e+002  4.3686190e+001  1.4661647e+002  8.2423152e+002  4.1404999e+001  2.4609441e+002  8.2452089e+002  2.6824074e+001  1.5076221e+002  8.2494956e+002  1.9099395e+001  4.2071725e+001  8.2535416e+002  2.0065100e+001  1.5354850e+001  8.2574327e+002  1.8507565e+001  1.2051215e+001  8.2612913e+002  1.0293889e+001  3.9289081e+000  8.2651649e+002  0.0000000e+000
  1.5000000e+001  3.1188647e+001  2.8860231e+001  8.3591752e+002  2.5602951e+001  2.7394199e+001  8.3640889e+002  3.0125476e+001  3.4997664e+001  8.3688778e+002  4.0567005e+001  1.2954423e+002  8.3736858e+002  4.3631660e+001  2.2864086e+002  8.3785705e+002  2.5347369e+001  1.4023944e+002  8.3833184e+002  1.8190898e+001  3.6984565e+001  8.3877769e+002  1.7248334e+001  1.2810672e+001  8.3920631e+002  1.7621933e+001  1.0706772e+001  8.3949373e+002  8.4837436e+000  3.8685273e+000  8.3988784e+002  0.0000000e+000
  1.5300000e+001  3.0922078e+001  2.9984340e+001  8.4358333e+002  2.6488168e+001  2.7980942e+001  8.4405032e+002  2.9671130e+001  3.5296689e+001  8.4450269e+002  3.9843752e+001  1.2246838e+002  8.4495951e+002  4.0154724e+001  2.1956908e+002  8.4542660e+002  2.6515711e+001  1.3476836e+002  8.4587719e+002  1.8624372e+001  3.7106884e+001  8.4630614e+002  1.6205344e+001  1.5165622e+001  8.4671865e+002  1.9464491e+001  1.2432065e+001  8.4695736e+002  9.7766154e+000  5.1298886e+000  8.4735667e+002  0.0000000e+000
  1.5450000e+001  3.3560495e+001  3.0796631e+001  8.4726021e+002  2.9036843e+001  3.0207908e+001  8.4781548e+002  3.1188816e+001  3.6100679e+001  8.4836686e+002  4.0232741e+001  1.1999405e+002  8.4891833e+002  4.0927612e+001  2.0712110e+002  8.4934110e+002  2.4956945e+001  1.2174193e+002  8.4985444e+002  1.9006660e+001  3.2095783e+001  8.5034939e+002  1.9138351e+001  1.4578604e+001  8.5082674e+002  1.8417839e+001  1.1418431e+001  8.5129136e+002  9.8231949e+000  4.7840645e+000  8.5174670e+002  0.0000000e+000
  1.5600000e+001  3.3092790e+001  3.1830316e+001  8.5024367e+002  2.9176433e+001  3.0237498e+001  8.5087053e+002  3.3487478e+001  3.6241098e+001  8.5149210e+002  4.2451870e+001  1.1190489e+002  8.5211829e+002  4.3823005e+001  1.9237951e+002  8.5274099e+002  2.5172068e+001  1.1074957e+002  8.5335067e+002  1.7741430e+001  2.9829995e+001  8.5378794e+002  1.9402304e+001  1.5395036e+001  8.5434476e+002  1.8583788e+001  1.4461856e+001  8.5488976e+002  1.0713987e+001  7.5808990e+000  8.5542242e+002  0.0000000e+000
  1.5750000e+001  3.1161355e+001  2.7308520e+001  8.5738688e+002  2.4630201e+001  2.5201173e+001  8.5797738e+002  2.9964994e+001  2.9333384e+001  8.5855632e+002  3.9238259e+001  9.7620706e+001  8.5914099e+002  3.8474695e+001  1.7054254e+002  8.5971925e+002  2.3134761e+001  9.5952814e+001  8.6027678e+002  1.5221931e+001  2.2193524e+001  8.6081371e+002  1.6689583e+001  1.1328057e+001  8.6132627e+002  1.7145993e+001  1.0575120e+001  8.6182670e+002  8.2671338e+000  3.0487891e+000  8.6232060e+002  0.0000000e+000
  1.5900000e+001  3.2785150e+001  2.8744310e+001  8.5738688e+002  2.6539492e+001  2.9042138e+001  8.5797738e+002  3.1539762e+001  3.3281718e+001  8.5855632e+002  4.1879884e+001  9.3656691e+001  8.5914099e+002  4.0511072e+001  1.5997844e+002  8.5971925e+002  2.6324411e+001  8.6953411e+001  8.6027678e+002  1.7551226e+001  2.4275128e+001  8.6081371e+002  1.9226796e+001  1.5469530e+001  8.6132627e+002  2.0225862e+001  1.4583103e+001  8.6182670e+002  1.1837681e+001  9.2248064e+000  8.6232060e+002  0.0000000e+000
  1.6100000e+001  4.1019684e+001  3.9316556e+001  8.5514994e+002  3.5789525e+001  3.8533188e+001  8.5562144e+002  4.2078348e+001  4.5106846e+001  8.5608967e+002  5.0266971e+001  9.3973815e+001  8.5655603e+002  4.7908903e+001  1.5224098e+002  8.5689154e+002  3.5204452e+001  8.7529321e+001  8.5731825e+002  2.8112363e+001  3.3290089e+001  8.5772943e+002  2.8188680e+001  2.6952078e+001  8.5811723e+002  2.8191942e+001  2.3922618e+001  8.5849151e+002  1.9610721e+001  1.8406089e+001  8.5885755e+002  0.0000000e+000
  1.6250000e+001  2.9658491e+001  2.8871806e+001  8.6523818e+002  2.6225402e+001  2.8258694e+001  8.6576650e+002  3.2088837e+001  3.5791926e+001  8.6627663e+002  3.9753924e+001  7.8008464e+001  8.6679124e+002  3.7742218e+001  1.2940097e+002  8.6716960e+002  2.3663252e+001  6.9197759e+001  8.6766034e+002  1.9075195e+001  2.1608663e+001  8.6813411e+002  1.9501476e+001  1.8764304e+001  8.6859132e+002  2.1094248e+001  1.5956490e+001  8.6904594e+002  1.1064464e+001  1.1483854e+001  8.6964743e+002  0.0000000e+000
  1.6400000e+001  3.9621957e+001  3.9629636e+001  8.6481794e+002  3.4685869e+001  3.9675910e+001  8.6526753e+002  4.2652440e+001  4.5450657e+001  8.6570377e+002  4.7652166e+001  8.1581840e+001  8.6614429e+002  4.6880266e+001  1.3064760e+002  8.6658054e+002  3.2711733e+001  7.4110346e+001  8.6700189e+002  2.7749323e+001  3.0141365e+001  8.6722745e+002  2.9131132e+001  2.7191530e+001  8.6759866e+002  2.9920953e+001  2.5033704e+001  8.6796508e+002  1.7554181e+001  1.9396710e+001  8.6832706e+002  0.0000000e+000
  1.6500000e+001  3.9690765e+001  3.9398951e+001  8.6653389e+002  3.4373440e+001  3.9550668e+001  8.6714561e+002  4.0393753e+001  5.0976085e+001  8.6775443e+002  4.7608441e+001  1.2575831e+002  8.6836940e+002  4.5363957e+001  1.9607217e+002  8.6898079e+002  3.1333061e+001  1.1897043e+002  8.6957281e+002  2.4436524e+001  4.1111009e+001  8.7013719e+002  2.6181134e+001  2.3885778e+001  8.7052911e+002  2.4887887e+001  2.0183865e+001  8.7106067e+002  1.2798388e+001  1.4331413e+001  8.7158321e+002  0.0000000e+000
  1.6900000e+001  3.3863782e+001  3.3124009e+001  8.7302417e+002  2.0922693e+001  3.1245801e+001  8.7357560e+002  3.6559215e+001  3.7888136e+001  8.7411376e+002  4.0519396e+001  6.4897603e+001  8.7465564e+002  3.7192309e+001  1.0721291e+002  8.7504189e+002  2.9707385e+001  5.8846122e+001  8.7555587e+002  2.0093609e+001  2.9788470e+001  8.7604753e+002  2.3300157e+001  1.8305352e+001  8.7651708e+002  1.8760440e+001  2.0121847e+001  8.7698134e+002  1.1956844e+001  1.4528574e+001  8.7744943e+002  0.0000000e+000
  1.7049999e+001  2.5253123e+001  3.0212436e+001  8.7904357e+002  1.3944673e+001  2.1626035e+001  8.7956506e+002  2.8472085e+001  3.3014200e+001  8.7993018e+002  3.5675935e+001  5.7647970e+001  8.8044058e+002  3.1392803e+001  9.6779696e+001  8.8094502e+002  2.5737280e+001  4.9482351e+001  8.8143594e+002  1.1177113e+001  2.6418957e+001  8.8190115e+002  1.7253106e+001  1.3116274e+001  8.8234960e+002  1.2057462e+001  1.4937006e+001  8.8278598e+002  6.4904185e+000  8.1508389e+000  8.8322761e+002  0.0000000e+000
  1.7200001e+001  2.8581058e+001  3.1899138e+001  8.8268144e+002  1.5348203e+001  2.5879310e+001  8.8320649e+002  3.3262195e+001  3.0090395e+001  8.8371880e+002  3.4967857e+001  5.3178501e+001  8.8423697e+002  3.4585153e+001  8.5505144e+001  8.8475210e+002  2.5930222e+001  4.4501698e+001  8.8525287e+002  1.2720943e+001  2.4645359e+001  8.8571902e+002  2.1379999e+001  1.7423833e+001  8.8616722e+002  1.6187747e+001  1.6419306e+001  8.8661171e+002  1.0952784e+001  1.3198900e+001  8.8706361e+002  0.0000000e+000
  1.7350000e+001  2.6337575e+001  2.8329610e+001  8.8517740e+002  1.4503655e+001  2.4962805e+001  8.8569455e+002  2.6495665e+001  3.3061896e+001  8.8620223e+002  3.4110926e+001  5.1384205e+001  8.8670872e+002  3.2263547e+001  8.0043810e+001  8.8722684e+002  2.2950223e+001  4.2408903e+001  8.8772335e+002  1.1940086e+001  2.3361432e+001  8.8817269e+002  1.7548934e+001  1.6345394e+001  8.8861250e+002  1.1722537e+001  1.8978033e+001  8.8904882e+002  5.4372395e+000  1.5257484e+001  8.8949274e+002  0.0000000e+000
  1.7500000e+001  2.9308960e+001  3.0345114e+001  8.8678173e+002  1.9859991e+001  2.1914255e+001  8.8722057e+002  2.7721852e+001  3.1942800e+001  8.8764802e+002  3.6775059e+001  4.3627347e+001  8.8807914e+002  3.5708415e+001  7.1094819e+001  8.8851981e+002  2.1038838e+001  3.9724052e+001  8.8894395e+002  1.2580064e+001  2.0527707e+001  8.8932208e+002  1.8417211e+001  1.8030057e+001  8.8968764e+002  2.0269212e+001  1.6871187e+001  8.9005494e+002  1.5097749e+001  1.3383700e+001  8.9042733e+002  0.0000000e+000
  1.7700001e+001  3.4946795e+001  2.8650968e+001  8.8978384e+002  1.2807321e+001  1.6922108e+001  8.9026738e+002  2.5059452e+001  3.6878380e+001  8.9073458e+002  4.2034636e+001  3.8059619e+001  8.9120710e+002  3.5509590e+001  6.8015329e+001  8.9167980e+002  3.5552138e+001  2.5226285e+001  8.9196821e+002  1.0128645e+001  3.1926839e+001  8.9237863e+002  1.9989264e+001  1.2137039e+001  8.9277858e+002  1.4342595e+001  1.3144517e+001  8.9317676e+002  1.9517713e+001  8.2159549e+000  8.9372303e+002  0.0000000e+000
  1.8200001e+001  5.4067318e+001  3.4539481e+001  8.8456118e+002  3.2409809e+001  3.0526524e+001  8.8492521e+002  4.3636006e+001  4.4306702e+001  8.8527781e+002  6.0386353e+001  5.2508200e+001  8.8562681e+002  5.8003098e+001  7.9317309e+001  8.8596674e+002  5.1784305e+001  4.3849864e+001  8.8630645e+002  3.0904214e+001  3.6820298e+001  8.8661010e+002  3.6752985e+001  2.5782987e+001  8.8689120e+002  3.5382496e+001  3.0416690e+001  8.8718631e+002  3.5691831e+001  1.7971705e+001  8.8748635e+002  0.0000000e+000
